Final number of clauses is     101
-604303.0      -732757.0
-673421.0      656767.0
679469.0      48981.0
-1430.0      -748728.0
9948.0      486161.0
-305938.0      -609558.0
410369.0      650897.0
-341836.0      -459640.0
-618692.0      223530.0
-410369.0      279254.0
-212055.0      145110.0
-520764.0      296802.0
-496265.0      717962.0
748728.0      -717962.0
-193121.0      -296802.0
189354.0      232726.0
-446747.0      -656767.0
-419761.0      390245.0
704803.0      -620708.0
-291774.0      408991.0
530856.0      737431.0
366043.0      -630832.0
154840.0      52568.0
144148.0      729863.0
-227816.0      -519835.0
-504892.0      -589679.0
673421.0      129437.0
-468320.0      -79346.0
536348.0      -482448.0
-682496.0      653809.0
-154840.0      -626959.0
2839.0      -164233.0
305938.0      699894.0
-704803.0      -6830.0
10174.0      243593.0
288724.0      291774.0
-135327.0      -699894.0
-116066.0      -737431.0
-721397.0      -10174.0
-648445.0      496265.0
164233.0      89429.0
419761.0      -760641.0
42500.0      -690777.0
482448.0      681149.0
-785772.0      -679469.0
687098.0      651511.0
54560.0      124374.0
-189354.0      630832.0
504892.0      645762.0
-279254.0      -432628.0
-694408.0      -408991.0
-266202.0      -733230.0
-232726.0      -124374.0
-536348.0      -297558.0
-650897.0      116066.0
593335.0      301782.0
-268861.0      760641.0
520764.0      188608.0
-223530.0      618692.0
-288724.0      1430.0
-145110.0      6830.0
468320.0      -54560.0
560475.0      -651511.0
446747.0      -129437.0
-593335.0      604303.0
519835.0      323233.0
618692.0      223530.0
297558.0      -366043.0
-383749.0      690777.0
193121.0      -188608.0
725335.0      190890.0
-323233.0      785772.0
726298.0      459640.0
-9948.0      341836.0
682496.0      -486161.0
694408.0      -560475.0
619021.0      -42500.0
-618692.0      -223530.0
-2839.0      721397.0
-727802.0      589679.0
-729863.0      620708.0
-52568.0      212055.0
-688172.0      -378463.0
727802.0      -645762.0
-726298.0      732757.0
79346.0      -89429.0
-327257.0      648445.0
-530856.0      -48981.0
-687098.0      -144148.0
-390245.0      -190890.0
378463.0      733230.0
135327.0      116066.0
-619021.0      626959.0
268861.0      93420.0
327257.0      383749.0
-135327.0      609558.0
-93420.0      -681149.0
227816.0      -243593.0
432628.0      -725335.0
688172.0      -301782.0
266202.0      -653809.0
