Final number of clauses is     57
-191826.0      -53055.0
81025.0      -83974.0
162741.0      134592.0
-69908.0      -59575.0
-36028.0      58459.0
76873.0      -9187.0
9187.0      -76873.0
-167553.0      63045.0
53054.0      -14302.0
13629.0      37722.0
42702.0      177513.0
78792.0      83974.0
157331.0      -141566.0
-13629.0      43903.0
-43903.0      125634.0
-104835.0      -125634.0
134592.0      -162741.0
167553.0      20263.0
191826.0      -19533.0
-162741.0      -134592.0
-63045.0      -175813.0
53593.0      4884.0
-102319.0      -53054.0
-27473.0      193544.0
-34900.0      -42702.0
-73994.0      59575.0
1804.0      34900.0
-104975.0      -149737.0
-68092.0      -36004.0
68092.0      -37297.0
-49675.0      -1804.0
53055.0      36028.0
-75638.0      69908.0
104835.0      57943.0
102319.0      75638.0
14302.0      -58459.0
149737.0      72222.0
138756.0      37297.0
27473.0      -78792.0
-193544.0      -48760.0
9187.0      76873.0
-77492.0      33758.0
123478.0      141566.0
-109006.0      -37722.0
-33758.0      176022.0
19533.0      50871.0
49675.0      77492.0
73994.0      -57943.0
-81025.0      -20263.0
162741.0      -76873.0
-157331.0      -53593.0
-176022.0      -4884.0
175813.0      104975.0
109006.0      -177513.0
48760.0      -50871.0
-138756.0      36004.0
-72222.0      -123478.0
