Final number of clauses is     295
157310.0      -79717.0
34142.0      290996.0
27396.0      -302345.0
-349096.0      -226126.0
359581.0      183564.0
-358900.0      284947.0
-180046.0      11020.0
161943.0      270498.0
-88101.0      366562.0
34835.0      -352718.0
-237823.0      -313057.0
356339.0      344325.0
312480.0      -308525.0
227905.0      190788.0
295030.0      205269.0
128309.0      -232184.0
7623.0      -230992.0
-85738.0      -108127.0
-265788.0      39628.0
-120292.0      289018.0
-130969.0      387459.0
174225.0      -71604.0
-274615.0      306344.0
-19018.0      205288.0
269876.0      -83087.0
-269876.0      -133905.0
349571.0      -67666.0
256356.0      -110100.0
318442.0      246963.0
351120.0      225036.0
138057.0      -203294.0
83087.0      365455.0
221033.0      -349890.0
254733.0      374363.0
-22191.0      -6146.0
88101.0      -320732.0
-226086.0      -97645.0
-385277.0      -319054.0
230992.0      80386.0
25674.0      -374462.0
143615.0      -333515.0
-313390.0      -34747.0
165459.0      -47342.0
390311.0      41668.0
-138057.0      -40480.0
-290996.0      -271266.0
381467.0      218710.0
173100.0      -1230.0
-187117.0      -328420.0
-359320.0      -80353.0
30784.0      -253398.0
325443.0      -160855.0
-306344.0      -63766.0
-359581.0      -177991.0
-360782.0      -321709.0
335511.0      -173100.0
-385556.0      362508.0
396608.0      -210012.0
233257.0      -1714.0
67885.0      -265033.0
-168450.0      350762.0
-345839.0      -190788.0
266970.0      -64406.0
-232143.0      325662.0
155143.0      -185754.0
-68616.0      -374373.0
218710.0      365952.0
-7623.0      -18946.0
-36732.0      330890.0
352718.0      35953.0
137527.0      1230.0
160855.0      -388377.0
-325443.0      -352257.0
40755.0      -242507.0
-396608.0      350242.0
203294.0      108127.0
138057.0      141931.0
227429.0      -123212.0
396896.0      -173100.0
-246963.0      313057.0
-276186.0      319054.0
167795.0      -381780.0
-237645.0      123212.0
308525.0      359320.0
-216948.0      231647.0
-179611.0      265306.0
232143.0      153180.0
-379611.0      -39628.0
-122969.0      -160855.0
349603.0      -68616.0
367886.0      216948.0
108098.0      -221033.0
369036.0      189327.0
129941.0      -99772.0
-347772.0      366546.0
-192355.0      -94048.0
101987.0      -40755.0
283698.0      340255.0
-35953.0      -238337.0
218417.0      -319968.0
282918.0      16632.0
347772.0      391008.0
-355438.0      -81794.0
-8808.0      186282.0
28799.0      -165459.0
-316261.0      108650.0
37170.0      -196347.0
-356339.0      64065.0
-292521.0      -2776.0
381780.0      90039.0
322598.0      37724.0
112327.0      -189327.0
-128309.0      -36810.0
-273821.0      -231647.0
-353020.0      253398.0
-391008.0      356339.0
-282918.0      -224522.0
-128764.0      -258371.0
366946.0      -151670.0
346531.0      -177419.0
-112684.0      91639.0
319968.0      373743.0
255523.0      -254733.0
294461.0      373726.0
-320606.0      -208151.0
-373131.0      224522.0
-381119.0      232184.0
237645.0      80353.0
-54428.0      -256356.0
-287707.0      -362508.0
168450.0      -67885.0
133905.0      36810.0
36732.0      250422.0
-101987.0      -349603.0
117877.0      61349.0
-266970.0      -108650.0
-265306.0      151670.0
-318442.0      179611.0
-35209.0      -155143.0
294794.0      375599.0
-384722.0      114688.0
-134045.0      160055.0
24682.0      85738.0
-24682.0      257373.0
-34835.0      177419.0
-24669.0      -80386.0
-390311.0      687.0
21064.0      -284947.0
385277.0      -390993.0
-294461.0      -283698.0
381464.0      187117.0
-172477.0      24669.0
356355.0      -365952.0
285577.0      192355.0
273821.0      -46572.0
248604.0      -312480.0
12943.0      253169.0
-205269.0      -167795.0
276186.0      -347119.0
320732.0      -331606.0
46572.0      99562.0
271266.0      -61944.0
-250422.0      360782.0
-34142.0      -354853.0
-253752.0      313390.0
349890.0      -157221.0
128764.0      -227905.0
375599.0      130969.0
-305340.0      -186282.0
-153180.0      -340255.0
79715.0      349096.0
320606.0      -375599.0
-322598.0      -282053.0
22191.0      -241669.0
-270498.0      -183564.0
-120100.0      186640.0
-333997.0      287707.0
278978.0      -353262.0
-356355.0      19018.0
353020.0      35209.0
-174225.0      387672.0
-381464.0      64406.0
-11020.0      -14946.0
-374363.0      -366946.0
-161943.0      -294252.0
323143.0      185754.0
-373743.0      107019.0
61944.0      -396896.0
18946.0      -369036.0
112684.0      23548.0
-218417.0      -371756.0
333997.0      104818.0
274615.0      233111.0
191840.0      64406.0
258371.0      -387459.0
-99562.0      81794.0
14946.0      266002.0
-242272.0      -330890.0
352257.0      -367886.0
331606.0      -373701.0
-116278.0      306396.0
-22844.0      265788.0
-27396.0      -77013.0
-90039.0      77380.0
174828.0      210012.0
99772.0      166935.0
238337.0      -362454.0
177991.0      277992.0
381119.0      -340255.0
226086.0      385556.0
-323143.0      94048.0
-306396.0      77013.0
-160055.0      282053.0
173327.0      -365455.0
-137231.0      373131.0
305340.0      120100.0
-381467.0      294252.0
-157310.0      -227429.0
157221.0      270027.0
-25674.0      253752.0
354853.0      -364297.0
196347.0      353262.0
-205288.0      242507.0
6146.0      -277992.0
-351120.0      -12943.0
-108098.0      225036.0
320350.0      180046.0
178324.0      2776.0
134045.0      122969.0
-114688.0      260878.0
-79715.0      -137527.0
-191840.0      172477.0
-257373.0      8808.0
202471.0      63766.0
251460.0      1714.0
-64065.0      67666.0
21435.0      -270027.0
237823.0      210236.0
358900.0      -295030.0
54428.0      -21064.0
-174828.0      364297.0
117034.0      -107019.0
-77380.0      -119784.0
333515.0      -104818.0
390993.0      -225036.0
-266002.0      -186640.0
137231.0      -129941.0
-285577.0      265033.0
374462.0      -349571.0
-294794.0      -20028.0
116278.0      -248604.0
-166935.0      319170.0
226126.0      242272.0
-218710.0      -21435.0
97645.0      71604.0
328420.0      345839.0
-16632.0      -394653.0
79717.0      -289018.0
390901.0      -30784.0
371756.0      22844.0
-91639.0      316261.0
-350242.0      292521.0
381467.0      -143615.0
-112327.0      -325662.0
388377.0      -255523.0
-251460.0      -130275.0
-41668.0      -173327.0
355438.0      -320350.0
119784.0      -23548.0
-373726.0      60918.0
373701.0      379611.0
-202471.0      -61349.0
-141931.0      -390901.0
-37170.0      -117034.0
-37724.0      384722.0
68616.0      -251354.0
347119.0      47342.0
-344325.0      -28799.0
-253169.0      241669.0
40480.0      -335511.0
-350762.0      302345.0
-366562.0      -278978.0
-346531.0      394653.0
-319170.0      374373.0
-233257.0      130275.0
-178324.0      -306344.0
251354.0      110100.0
-117877.0      -60918.0
-23548.0      276186.0
321709.0      208151.0
362454.0      120292.0
-387672.0      -366546.0
20028.0      34747.0
-260878.0      -233111.0
-210236.0      -687.0
