Final number of clauses is     26
114984.0      -412181.0
-790732.0      476242.0
-114984.0      -155675.0
267156.0      -532855.0
-267156.0      -559149.0
976968.0      273101.0
-953894.0      175522.0
-724908.0      -175522.0
-976968.0      273101.0
197721.0      412181.0
224967.0      559149.0
-224967.0      579624.0
-410420.0      -273101.0
-20469.0      514671.0
-201242.0      -281534.0
-476242.0      532855.0
-579624.0      281534.0
-273101.0      410420.0
649817.0      926535.0
790732.0      -649817.0
953894.0      -496378.0
-514671.0      -926535.0
724908.0      496378.0
201242.0      949894.0
-197721.0      155675.0
20469.0      -949894.0
